11.191979,9.242681
8.614677,8.310122
8.174124,8.049072
7.893663,7.787242
7.575134,7.572729
7.454215,7.334980
7.324643,7.273281
7.210907,7.187140
7.182192,7.173686
7.115972,7.067509
6.998331,6.827545
6.819184,6.813901
6.797960,6.637476
6.633966,6.620863
6.592211,6.542167
6.532728,6.521636
6.482718,6.479977
6.452058,6.442595
6.434259,6.433514
6.386741,6.358729
6.301249,6.259943
6.247068,6.226238
6.182947,6.131220
6.124240,6.113473
6.105136,6.103018
6.093600,6.091567
6.076749,6.061229
6.060236,6.034360
6.024199,6.012484
5.987732,5.967763
5.903847,5.869293
5.844862,5.829590
5.801416,5.799935
5.794040,5.773687
5.765059,5.741301
5.724806,5.723497
5.719242,5.689605
5.677906,5.665942
5.647680,5.622350
5.609419,5.606952
5.594228,5.584416
5.584004,5.576702
5.574796,5.542668
5.540009,5.533570
5.518682,5.502266
5.495619,5.490030
5.482776,5.471554
5.439939,5.432651
5.428636,5.410145
5.409291,5.405922
5.398783,5.398550
5.392849,5.386448
5.386237,5.381943
5.379888,5.376457
5.365522,5.365417
5.355956,5.354802
5.345848,5.332072
5.329767,5.328389
5.327348,5.323144
5.321302,5.320761
5.318035,5.317653
5.313233,5.307918
5.307106,5.306219
5.306098,5.301720
5.301708,5.298247
5.298000,5.296103
5.293982,5.293078
5.289421,5.286957
5.286113,5.278905
5.278568,5.277369
5.276505,5.273590
5.272661,5.264924
5.260843,5.258320
5.256791,5.253784
5.253781,5.253571
5.252844,5.249281
5.248791,5.238227
5.238122,5.237196
5.237015,5.234609
5.233736,5.227119
5.225430,5.218697
5.218433,5.217274
5.213594,5.210392
5.209995,5.209952
5.209757,5.206743
5.204791,5.199518
5.197179,5.196859
5.191734,5.180889
5.177426,5.175983
5.175672,5.174716
5.174509,5.172547
5.172373,5.168880
5.168498,5.166830
5.164841,5.159416
5.158909,5.158765
5.158737,5.158493
5.151741,5.145613
5.145051,5.138848
5.135599,5.133273
5.131080,5.131048
11.261839,9.464213
8.971282,9.049734
8.206018,8.265323
7.935650,8.178007
7.830592,7.936552
9.184986,7.498984
7.682791,7.490322
7.387900,8.198173
7.224695,7.254902
7.969417,7.133904
7.395708,7.240591
6.862994,7.439900
7.143779,9.040825
7.091549,7.596366
7.564660,8.550977
7.607686,7.152941
7.059980,7.462079
6.598403,6.647954
6.661880,6.625685
6.446944,6.462843
6.592673,6.476708
6.283134,7.503954
6.219694,6.294066
6.501430,6.182314
7.286646,6.261515
7.726093,6.509006
7.917163,7.889068
7.409601,6.813238
7.077200,7.911786
7.093088,7.607686
6.247490,6.107685
5.960019,6.861050
7.278496,5.950542
5.883911,6.702303
5.926378,7.092472
6.657565,6.900825
8.019285,6.237920
6.001679,5.771511
6.055880,6.581941
5.792044,5.674248
6.436437,5.836780
7.245123,5.681768
6.345888,7.091549
6.112914,6.124927
5.894398,5.883911
5.661745,5.536362
5.501197,5.493575
5.554767,7.786746
5.519258,6.016608
5.454932,5.452364
5.545282,5.461431
5.570808,5.541533
6.469159,5.472497
5.426785,6.784431
5.379992,5.465346
5.526114,5.515443
7.315009,6.874572
5.993657,5.675508
5.513500,5.481057
5.550223,5.360596
5.525073,5.553353
5.402966,5.772389
5.408358,5.636218
5.376479,5.418262
5.386956,5.545282
5.469586,5.310245
5.358017,6.102589
5.478393,5.469586
5.571580,5.389218
5.451183,5.348656
5.299122,5.414930
5.284736,5.414930
5.456105,5.493126
5.314110,5.518083
5.278247,5.461431
5.573455,5.465346
5.406024,5.513500
5.305641,5.373578
6.162434,5.519258
5.318807,5.256400
5.318807,5.457115
5.422038,5.293317
5.282225,5.334647
5.345034,5.426785
5.531334,5.353492
6.333897,5.367275
5.242040,5.218570
5.616966,5.306801
5.378051,5.492291
5.320925,5.467397
5.529953,5.295518
5.312354,5.558605
5.306801,5.282098
5.525413,5.314110
5.494276,5.181126
5.370280,5.444703
5.207322,5.925877
5.519428,5.309796
5.207322,5.293317
5.613070,5.311343
