8.617630,8.436383
8.026349,8.024819
7.894360,7.874109
7.820591,7.762779
7.643999,7.397844
7.394069,7.341438
7.309478,7.254826
7.172690,7.052876
7.025871,6.996830
6.947313,6.933004
6.889750,6.798996
6.793032,6.671064
6.638329,6.622170
6.606709,6.558142
6.550359,6.508956
6.456363,6.421412
6.346194,6.340032
6.327772,6.321526
6.261392,6.260639
6.245840,6.234945
6.213052,6.187476
6.176908,6.176836
6.174013,6.170366
6.137406,6.119814
6.106918,6.096500
6.079424,6.055801
6.045008,6.025293
6.010138,5.917654
5.888226,5.885426
5.877052,5.839509
5.810798,5.796811
5.780729,5.779261
5.767524,5.723655
5.700827,5.675802
5.626536,5.620457
5.620407,5.596769
5.587940,5.580406
5.569394,5.553453
5.543652,5.520877
5.486737,5.453154
5.440121,5.435549
5.434161,5.420912
5.417915,5.405720
5.404529,5.397881
5.396797,5.393840
5.390415,5.383633
5.377519,5.354385
5.351885,5.344035
5.331137,5.331000
5.321410,5.314619
5.314360,5.312768
5.308844,5.303658
5.299801,5.295952
5.293781,5.286891
5.278949,5.277873
5.273664,5.273108
5.267904,5.252812
5.251278,5.238900
5.227321,5.226387
5.218153,5.217695
5.215670,5.211828
5.205655,5.205638
5.205015,5.203541
5.198954,5.195173
5.188805,5.186582
5.177620,5.173366
5.172957,5.171635
5.166954,5.156662
5.156254,5.154222
5.150565,5.146743
5.145446,5.128180
5.126605,5.125792
5.124087,5.119878
5.111370,5.110443
5.106675,5.106134
5.104507,5.104443
5.100554,5.099391
5.099304,5.089149
5.089015,5.085863
5.075935,5.071733
5.071276,5.064183
5.063590,5.055918
5.043315,5.034957
5.032635,5.031849
5.026874,5.026605
5.026255,5.019833
5.007570,5.006899
5.003805,5.002198
5.002178,5.001426
4.995750,4.990702
4.990454,4.986031
4.979572,4.976689
4.976680,4.976372
4.974658,4.966554
4.963678,4.958368
4.955711,4.945532
4.942454,4.941834
4.941423,4.933825
4.931299,4.928984
4.926396,4.923538
8.935400,8.555419
8.169287,8.959752
8.334947,9.677943
8.057604,8.524613
8.229823,9.241635
7.442655,8.037449
8.669108,7.774824
8.000995,7.200146
7.496716,8.358108
7.527026,7.577415
7.421381,6.973721
7.604748,7.660359
6.719737,6.714602
8.475843,7.202586
6.696951,7.013008
8.793399,6.422622
6.965899,8.379457
6.521385,6.580512
7.104476,7.547849
6.475089,6.400346
6.657455,7.688120
6.377412,6.647806
6.684483,6.793684
6.651177,6.732904
6.541359,8.073866
6.636435,6.784911
8.689908,6.252693
7.178299,7.205205
6.617804,5.987288
6.033569,6.306428
7.327501,5.841509
7.897454,6.813705
7.123278,6.350567
7.249874,5.970794
5.788475,6.567316
6.579410,6.359144
9.520623,5.610979
8.028315,5.610687
6.080319,5.639535
5.861493,6.045979
5.562551,6.006407
6.483337,5.992525
6.806668,6.326178
5.448286,5.521754
5.414297,5.512137
5.428218,7.347741
6.698809,5.501483
6.526802,6.745129
5.467084,5.422774
5.906865,5.481377
5.350723,5.493804
7.029128,5.429700
5.337803,5.343515
7.693125,5.494994
5.357437,5.354544
6.973721,5.456078
5.778963,7.743010
6.567316,5.300314
5.613722,5.359007
5.599704,6.559769
5.341393,5.422163
5.480775,5.330492
7.608511,5.321785
5.414010,5.529792
5.422774,5.490778
5.386632,6.957452
5.309815,8.097941
5.277006,5.593408
5.257950,5.233972
5.486797,5.433340
5.146275,5.448286
5.326606,5.521782
5.436809,5.428218
5.296639,5.326606
5.330057,5.162233
5.194887,5.118053
5.188812,5.237000
5.394298,5.388919
5.377367,8.058681
5.283886,5.356193
5.076014,5.194887
5.358153,5.064422
6.114009,5.259172
5.422163,5.283886
5.301110,5.071128
5.357437,5.519180
5.436809,5.686006
5.324658,5.240049
5.064422,5.323499
5.840041,5.274335
5.197275,5.278087
5.118053,7.234871
6.218414,5.253782
5.356193,5.420883
6.293886,5.228798
5.236639,5.785998
5.325041,5.110052
5.253782,5.480258
5.228885,4.955409
6.948343,5.240049
